s 0.7352 0.34375 0.092105 0.036184 -0.29924
 0.88651 0.34704 0.09375 0.036184 -0.29924
 0.10197 0.27467 0.088816 0.034539 -0.30428
  0.2023 0.046053 0.082237 0.037829 0.147
 0.39967 0.68914 0.082237 0.036184 -0.13814
 0.54112 0.70724 0.095395 0.036184 -0.10402
 0.46382 0.25493 0.087171 0.034539 -0.30099
 0.86349 0.28454 0.090461 0.034539 -0.29803
 0.77796 0.22368 0.087171 0.034539  -0.2977
 0.32401 0.42434 0.083882 0.037829  -0.0012932e
s 0.39145 0.84046 0.125 0.042763  -0.1365e
s 0.64638 0.090461 0.024671 0.016447 -0.29508
 0.23191 0.11842 0.018092 0.014803 0.00060641e


s 0.72039 0.34375 0.092105 0.036184 -0.29902
 0.87171 0.34868 0.09375 0.036184 -0.29902
  0.1875 0.046053 0.082237 0.037829 0.14721
 0.38487 0.68914 0.082237 0.036184 -0.13793
 0.52632 0.70395 0.095395 0.036184 -0.10298
 0.43092 0.25658 0.087171 0.034539  -0.3011
 0.84211 0.28618 0.090461 0.034539 -0.29781
 0.74671 0.22533 0.087171 0.034539 -0.29781
 0.32401 0.42434 0.083882 0.037829   -0.001405e
s  0.375 0.84046 0.125 0.042763 -0.13628e
s 0.62829 0.090461 0.024671 0.016447 -0.29651
 0.22039 0.11842 0.018092 0.014803 0.00049465e


s 0.70395 0.34704 0.092105 0.036184 -0.29881
 0.85526 0.35033 0.09375 0.036184 -0.29881
  0.1727 0.046053 0.082237 0.037829 0.14743
 0.36842 0.69079 0.082237 0.036184 -0.13771
 0.51316  0.7023 0.095395 0.036184 -0.10194
 0.39638 0.25822 0.087171 0.034539 -0.30121
  0.8125 0.28947 0.090461 0.034539 -0.29759
 0.71546 0.22697 0.087171 0.034539 -0.29792
 0.32566 0.42599 0.083882 0.037829  -0.0015185e
s 0.35691 0.84211 0.125 0.042763 -0.13607e
s 0.6102 0.092105 0.024671 0.016447 -0.29794
 0.20724 0.12007 0.018092 0.014803 0.00038109e


s 0.68914 0.34704 0.092105 0.036184 -0.29859
 0.84046 0.35197 0.09375 0.036184 -0.29859
 0.15625 0.047697 0.082237 0.037829 0.14764
 0.35197 0.69079 0.082237 0.036184  -0.1375
 0.49836 0.69901 0.095395 0.036184  -0.1009
 0.36184 0.26151 0.087171 0.034539 -0.30133
 0.78289 0.29112 0.090461 0.034539 -0.29738
 0.68421 0.22862 0.087171 0.034539 -0.29804
  0.3273 0.42599 0.083882 0.037829   -0.001632e
s 0.34046 0.84375 0.125 0.042763 -0.13585e
s 0.59211 0.09375 0.024671 0.016447 -0.29936
 0.19408 0.12007 0.018092 0.014803 0.00026759e


s 0.6727 0.34868 0.092105 0.036184 -0.29857
 0.82401 0.35197 0.09375 0.036184 -0.29857
  0.1398 0.047697 0.082237 0.037829 0.14766
 0.33553 0.69079 0.082237 0.036184 -0.13748
 0.48355 0.69572 0.095395 0.036184 -0.10006
 0.32566 0.26316 0.087171 0.034539 -0.30163
 0.75 0.29112 0.090461 0.034539 -0.29736
 0.65132 0.23026 0.087171 0.034539 -0.29834
  0.3273 0.42599 0.083882 0.037829   -0.001941e
s 0.32401 0.84375 0.125 0.042763 -0.13583e
s 0.57237 0.09375 0.024671 0.016447 -0.30099
 0.18092 0.12007 0.018092 0.014803 -4.1422e-05e


s 0.65461 0.34704 0.092105 0.036184 -0.29862
 0.80757 0.35197 0.09375 0.036184 -0.29862
 0.12336 0.047697 0.082237 0.037829 0.14762
 0.31743 0.69079 0.082237 0.036184 -0.13752
 0.46875 0.69243 0.095395 0.036184   -0.099774
 0.29112 0.26316 0.087171 0.034539 -0.30201
 0.73026 0.29112 0.090461 0.034539  -0.2974
 0.62007 0.23026 0.087171 0.034539 -0.29872
 0.32895 0.42599 0.083882 0.037829  -0.0023152e
s 0.30757 0.84375 0.125 0.042763 -0.13588e
s 0.55099 0.09375 0.024671 0.016447 -0.30268
 0.16612 0.12007 0.018092 0.014803  -0.0004156e


s 0.63816 0.34704 0.092105 0.036184  -0.2986
 0.78947 0.35197 0.09375 0.036184  -0.2986
 0.10691 0.047697 0.082237 0.037829 0.14764
 0.34375 0.96053 0.087171 0.036184 -0.12607
 0.30099 0.69079 0.082237 0.036184  -0.1375
 0.45395 0.69079 0.095395 0.036184   -0.099423
 0.25329  0.2648 0.087171 0.034539 -0.30232
 0.70395 0.29112 0.090461 0.034539 -0.29738
 0.58717 0.23026 0.087171 0.034539 -0.29936
 0.33059 0.42599 0.083882 0.037829  -0.0019644e
s 0.29112 0.84375 0.125 0.042763 -0.13585e
s 0.53125 0.09375 0.024671 0.016447 -0.30233
 0.15296 0.12007 0.018092 0.014803 -0.00039372e


s 0.62171 0.34868 0.092105 0.036184 -0.29856
 0.77303 0.35197 0.09375 0.036184 -0.29856
   0.090461 0.046053 0.082237 0.037829 0.14767
 0.32895  0.9523 0.087171 0.036184 -0.12559
 0.28454 0.69079 0.082237 0.036184 -0.13747
 0.43914  0.6875 0.095395 0.036184   -0.099061
 0.21711 0.26645 0.087171 0.034539 -0.30261
 0.67928 0.29112 0.090461 0.034539 -0.29735
 0.55428 0.23191 0.087171 0.034539 -0.29998
 0.33059 0.42434 0.083882 0.037829  -0.0016018e
s 0.27303 0.84375 0.125 0.042763 -0.13582e
s 0.50987 0.09375 0.024671 0.016447 -0.30197
  0.1398 0.12007 0.018092 0.014803 -0.00036014
 0.97533 0.085526 0.021382 0.018092 -0.29297e


s 0.60526 0.34868 0.092105 0.036184 -0.29852
 0.75658 0.35197 0.09375 0.036184 -0.29852
 0.26645 0.69079 0.082237 0.036184 -0.13743
  0.4227 0.68586 0.095395 0.036184   -0.098693
 0.17928 0.26809 0.087171 0.034539  -0.3029
 0.65296 0.29112 0.090461 0.034539 -0.29731
 0.52138 0.23191 0.087171 0.034539  -0.3006
 0.33059 0.42434 0.083882 0.037829  -0.0012335e
s 0.25658 0.84375 0.125 0.042763 -0.13578e
s 0.49013 0.095395 0.024671 0.016447  -0.3016
 0.12664 0.12007 0.018092 0.014803 -0.00032076
 0.95724 0.085526 0.021382 0.018092 -0.29228e


s 0.58717 0.34868 0.092105 0.036184 -0.29845
 0.73849 0.35362 0.09375 0.036184 -0.29845
 0.25 0.69079 0.082237 0.036184 -0.13735
 0.40789 0.68257 0.095395 0.036184   -0.098287
 0.14309 0.26974 0.087171 0.034539 -0.30315
   0.625 0.29276 0.090461 0.034539 -0.29723
 0.48849 0.23355 0.087171 0.034539 -0.30118
 0.33224 0.42434 0.083882 0.037829 -0.00082792e
s 0.23849 0.84375 0.125 0.042763  -0.1357e
s 0.46875 0.095395 0.024671 0.016447 -0.30119
 0.11184 0.12007 0.018092 0.014803  -0.0002441
  0.9375 0.085526 0.021382 0.018092 -0.29154e


s 0.57072 0.34868 0.092105 0.036184 -0.29835
 0.72204 0.35362 0.09375 0.036184 -0.29835
 0.23191 0.69243 0.082237 0.036184 -0.13726
 0.39145 0.68257 0.095395 0.036184   -0.098194
 0.10526 0.27138 0.087171 0.034539 -0.30339
 0.60526 0.29276 0.090461 0.034539 -0.29714
 0.45559  0.2352 0.087171 0.034539 -0.30174
 0.33224 0.42434 0.083882 0.037829 -0.00040603e
s 0.22204 0.84375 0.125 0.042763 -0.13561e
s 0.44901 0.097039 0.024671 0.016447 -0.30077
   0.098684 0.12007 0.018092 0.014803 -0.00015117
 0.91776 0.087171 0.021382 0.018092 -0.29474e


s 0.55263 0.35033 0.092105 0.036184 -0.29822
 0.70395 0.35526 0.09375 0.036184 -0.29822
 0.21546 0.69243 0.082237 0.036184 -0.13712
   0.375 0.68092 0.095395 0.036184   -0.098062
 0.58224 0.29441 0.090461 0.034539 -0.29701
 0.42105 0.23684 0.087171 0.034539 -0.30194
 0.33388 0.42599 0.083882 0.037829  5.5015e-05e
s 0.20395 0.84375 0.125 0.042763 -0.13548e
s 0.42763 0.097039 0.024671 0.016447 -0.30031
   0.083882 0.12007 0.018092 0.014803 -1.9022e-05
 0.89803 0.087171 0.021382 0.018092  -0.2979e